section	offset	size	unit	scope	name	demangled
.text	0x00000000	0x3C	em31/em31.cpp	global	_prolog	_prolog
.text	0x0000003C	0x4	em31/em31.cpp	global	_epilog	_epilog
.text	0x00000040	0x4	em31/em31.cpp	global	_unresolved	_unresolved
.text	0x00000044	0x38	em31/em31.cpp	global	Em31Init__FP3cEm	Em31Init
.text	0x0000007C	0x458	em31/em31.cpp	global	em31DmCk__FP5cEm31	em31DmCk
.text	0x000004D4	0xC4	em31/em31.cpp	global	em31DmCkT__FP5cEm31	em31DmCkT
.text	0x00000598	0x220	em31/em31.cpp	global	move__5cEm31	cEm31::move
.text	0x000007B8	0xE10	em31/em31.cpp	local	em31_R0_Init__FP5cEm31	em31_R0_Init
.text	0x000015C8	0x60	em31/em31.cpp	local	em31_R0_Move__FP5cEm31	em31_R0_Move
.text	0x00001628	0x4	em31/em31.cpp	local	em31_R1_br_Dummy__FP5cEm31	em31_R1_br_Dummy
.text	0x0000162C	0x194	em31/em31.cpp	local	em31_R1_Appear__FP5cEm31	em31_R1_Appear
.text	0x000017C0	0x36C	em31/em31.cpp	local	em31_R1_Wait__FP5cEm31	em31_R1_Wait
.text	0x00001B2C	0x44C	em31/em31.cpp	local	em31_R1_Walk__FP5cEm31	em31_R1_Walk
.text	0x00001F78	0x384	em31/em31.cpp	local	em31_R1_Dash__FP5cEm31	em31_R1_Dash
.text	0x000022FC	0x2CC	em31/em31.cpp	local	em31_R1_Turn__FP5cEm31	em31_R1_Turn
.text	0x000025C8	0x804	em31/em31.cpp	local	em31_R1_BridgeVs__FP5cEm31	em31_R1_BridgeVs
.text	0x00002DCC	0x33C	em31/em31.cpp	local	em31_R1_Jump__FP5cEm31	em31_R1_Jump
.text	0x00003108	0x108	em31/em31.cpp	local	em31_R1_BerserkStart__FP5cEm31	em31_R1_BerserkStart
.text	0x00003210	0xF0	em31/em31.cpp	local	em31_R1_BerserkEnd__FP5cEm31	em31_R1_BerserkEnd
.text	0x00003300	0x4E8	em31/em31.cpp	local	em31_R1_Stamp__FP5cEm31	em31_R1_Stamp
.text	0x000037E8	0x30	em31/em31.cpp	local	em31ActEscape__FP5cEm31	em31ActEscape
.text	0x00003818	0x200	em31/em31.cpp	local	plemEscape__FP7cPlayer	plemEscape
.text	0x00003A18	0x264	em31/em31.cpp	global	em31EscapeCamMove__FP5cEm31	em31EscapeCamMove
.text	0x00003C7C	0x400	em31/em31.cpp	local	em31_R1_Kick__FP5cEm31	em31_R1_Kick
.text	0x0000407C	0x100	em31/em31.cpp	local	em31_R1_br_Catch__FP5cEm31	em31_R1_br_Catch
.text	0x0000417C	0xEC	em31/em31.cpp	local	em31_R1_Catch__FP5cEm31	em31_R1_Catch
.text	0x00004268	0x1B8	em31/em31.cpp	local	em31_R1_CatchHit__FP5cEm31	em31_R1_CatchHit
.text	0x00004420	0x3A4	em31/em31.cpp	local	plem31_CatchHit__FP7cPlayer	plem31_CatchHit
.text	0x000047C4	0x100	em31/em31.cpp	local	em31_R1_br_StepCatch__FP5cEm31	em31_R1_br_StepCatch
.text	0x000048C4	0x104	em31/em31.cpp	local	em31_R1_StepCatch__FP5cEm31	em31_R1_StepCatch
.text	0x000049C8	0x1B8	em31/em31.cpp	local	em31_R1_StepCatchHit__FP5cEm31	em31_R1_StepCatchHit
.text	0x00004B80	0x3A4	em31/em31.cpp	local	plem31_StepCatchHit__FP7cPlayer	plem31_StepCatchHit
.text	0x00004F24	0x358	em31/em31.cpp	local	em31_R1_HeadAtk__FP5cEm31	em31_R1_HeadAtk
.text	0x0000527C	0x1A8	em31/em31.cpp	local	em31_R1_BackAtk__FP5cEm31	em31_R1_BackAtk
.text	0x00005424	0x198	em31/em31.cpp	local	em31_R1_T_Appear__FP5cEm31	em31_R1_T_Appear
.text	0x000055BC	0x180	em31/em31.cpp	local	em31_R1_T_Wait__FP5cEm31	em31_R1_T_Wait
.text	0x0000573C	0x144	em31/em31.cpp	local	em31_R1_T_Stamp__FP5cEm31	em31_R1_T_Stamp
.text	0x00005880	0x3F8	em31/em31.cpp	local	em31_R1_T_Atk__FP5cEm31	em31_R1_T_Atk
.text	0x00005C78	0x378	em31/em31.cpp	local	em31_R1_T_DashAtk__FP5cEm31	em31_R1_T_DashAtk
.text	0x00005FF0	0xC4	em31/em31.cpp	local	em31_R1_T_BerserkStart__FP5cEm31	em31_R1_T_BerserkStart
.text	0x000060B4	0xC4	em31/em31.cpp	local	em31_R1_T_BerserkEnd__FP5cEm31	em31_R1_T_BerserkEnd
.text	0x00006178	0xEC	em31/em31.cpp	local	em31_R1_T_Jump__FP5cEm31	em31_R1_T_Jump
.text	0x00006264	0x150	em31/em31.cpp	local	em31_R1_T_Catch__FP5cEm31	em31_R1_T_Catch
.text	0x000063B4	0x10C	em31/em31.cpp	local	em31_R1_T_CatchHit__FP5cEm31	em31_R1_T_CatchHit
.text	0x000064C0	0xC8	em31/em31.cpp	local	em31_R1_T_StepCatch__FP5cEm31	em31_R1_T_StepCatch
.text	0x00006588	0x10C	em31/em31.cpp	local	em31_R1_T_StepCatchHit__FP5cEm31	em31_R1_T_StepCatchHit
.text	0x00006694	0x1B0	em31/em31.cpp	local	em31_R1_T_PillarThrow__FP5cEm31	em31_R1_T_PillarThrow
.text	0x00006844	0x10C	em31/em31.cpp	local	em31_R1_T_Dm_Normal__FP5cEm31	em31_R1_T_Dm_Normal
.text	0x00006950	0x4B0	em31/em31.cpp	local	em31_R1_T_Down__FP5cEm31	em31_R1_T_Down
.text	0x00006E00	0x148	em31/em31.cpp	local	em31_R1_T_Dm_Crane__FP5cEm31	em31_R1_T_Dm_Crane
.text	0x00006F48	0x290	em31/em31.cpp	local	em31_R1_T_Dm_Climb__FP5cEm31	em31_R1_T_Dm_Climb
.text	0x000071D8	0x160	em31/em31.cpp	local	em31_R1_T_Die__FP5cEm31	em31_R1_T_Die
.text	0x00007338	0x48	em31/em31.cpp	local	em31_R0_Damage__FP5cEm31	em31_R0_Damage
.text	0x00007380	0x10C	em31/em31.cpp	local	em31_R1_Dm_Normal__FP5cEm31	em31_R1_Dm_Normal
.text	0x0000748C	0x5E0	em31/em31.cpp	local	em31_R1_Dm_Down__FP5cEm31	em31_R1_Dm_Down
.text	0x00007A6C	0x130	em31/em31.cpp	local	em31_R1_Dm_Crane__FP5cEm31	em31_R1_Dm_Crane
.text	0x00007B9C	0x22C	em31/em31.cpp	local	em31_R1_Dm_Climb__FP5cEm31	em31_R1_Dm_Climb
.text	0x00007DC8	0x55C	em31/em31.cpp	local	plem31_Climb__FP7cPlayer	plem31_Climb
.text	0x00008324	0x64	em31/em31.cpp	local	em31SetActClimb__FP5cEm31	em31SetActClimb
.text	0x00008388	0x48	em31/em31.cpp	local	em31_R0_Die__FP5cEm31	em31_R0_Die
.text	0x000083D0	0x5E8	em31/em31.cpp	local	em31_R1_Die_Normal__FP5cEm31	em31_R1_Die_Normal
.text	0x000089B8	0x114	em31/em31.cpp	global	em31RouteCk__FP5cEm31	em31RouteCk
.text	0x00008ACC	0xE4	em31/em31.cpp	global	Em31ClothSet2__FP5cEm31P7PlCloth	Em31ClothSet2
.text	0x00008BB0	0x84	em31/em31.cpp	global	Em31ClothMove2__FP5cEm31P7PlCloth	Em31ClothMove2
.text	0x00008C34	0xE4	em31/em31.cpp	global	Em31ClothSet3__FP5cEm31P7PlCloth	Em31ClothSet3
.text	0x00008D18	0x2C	em31/em31.cpp	global	Em31ClothMove3__FP5cEm31P7PlCloth	Em31ClothMove3
.text	0x00008D44	0x4C4	em31/em31.cpp	global	em31AtkCk__FP5cEm31P3VecT1i	em31AtkCk
.text	0x00009208	0x1C8	em31/em31.cpp	local	plem31_dm_Stamp__FP7cPlayer	plem31_dm_Stamp
.text	0x000093D0	0x11C	em31/em31.cpp	global	em31StampCamMove__FP5cEm31	em31StampCamMove
.text	0x000094EC	0x90	em31/em31.cpp	global	em31SearchBody__FP5cEm31	em31SearchBody
.text	0x0000957C	0xC4	em31/em31.cpp	global	em31TenMatCalc__FP5cEm31	em31TenMatCalc
.text	0x00009640	0x28	em31/em31.cpp	global	setDamageCrane__5cEm31i	cEm31::setDamageCrane
.text	0x00009668	0x138	em31/em31.cpp	global	setCranePos__5cEm31i	cEm31::setCranePos
.text	0x000097A0	0x30	em31/em31.cpp	global	ckAtkEnable__5cEm31	cEm31::ckAtkEnable
.text	0x000097D0	0x28	em31/em31.cpp	global	setAtk__5cEm31i	cEm31::setAtk
.text	0x000097F8	0x28	em31/em31.cpp	global	setDashAtk__5cEm31	cEm31::setDashAtk
.text	0x00009820	0x28	em31/em31.cpp	global	setWait__5cEm31	cEm31::setWait
.text	0x00009848	0x28	em31/em31.cpp	global	setClimb__5cEm31	cEm31::setClimb
.text	0x00009870	0x28	em31/em31.cpp	global	setPillarThrow__5cEm31	cEm31::setPillarThrow
.text	0x00009898	0x28	em31/em31.cpp	global	setBerserkStart__5cEm31	cEm31::setBerserkStart
.text	0x000098C0	0x28	em31/em31.cpp	global	setBerserkEnd__5cEm31	cEm31::setBerserkEnd
.text	0x000098E8	0x28	em31/em31.cpp	global	setJump__5cEm31	cEm31::setJump
.text	0x00009910	0x28	em31/em31.cpp	global	setStamp__5cEm31Uc	cEm31::setStamp
.text	0x00009938	0x28	em31/em31.cpp	global	setCatch__5cEm31	cEm31::setCatch
.text	0x00009960	0x28	em31/em31.cpp	global	setCatchHit__5cEm31	cEm31::setCatchHit
.text	0x00009988	0x28	em31/em31.cpp	global	setStepCatch__5cEm31	cEm31::setStepCatch
.text	0x000099B0	0x28	em31/em31.cpp	global	setStepCatchHit__5cEm31	cEm31::setStepCatchHit
.text	0x000099D8	0x28	em31/em31.cpp	global	setDmNormal__5cEm31	cEm31::setDmNormal
.text	0x00009A00	0x28	em31/em31.cpp	global	setDown__5cEm31i	cEm31::setDown
.text	0x00009A28	0x24	em31/em31.cpp	global	setDownDamage__5cEm31	cEm31::setDownDamage
.text	0x00009A4C	0x2C	em31/em31.cpp	global	ckWeakDamage__5cEm31	cEm31::ckWeakDamage
.text	0x00009A78	0x2C	em31/em31.cpp	global	ckDownEnable__5cEm31	cEm31::ckDownEnable
.text	0x00009AA4	0x28	em31/em31.cpp	global	setDownBody__5cEm31	cEm31::setDownBody
.text	0x00009ACC	0x68	em31/em31.cpp	global	setDownCancel__5cEm31	cEm31::setDownCancel
.text	0x00009B34	0x8	em31/em31.cpp	global	getTotalDamage__5cEm31	cEm31::getTotalDamage
.text	0x00009B3C	0x104	em31/em31.cpp	global	em31TailAtkCk__FP5cEm31	em31TailAtkCk
.text	0x00009C40	0x21C	em31/em31.cpp	global	em31EyelidInit__FP5cEm31	em31EyelidInit
.text	0x00009E5C	0x578	em31/em31.cpp	global	em31EyelidMove__FP5cEm31	em31EyelidMove
.text	0x0000A3D4	0xAC	em31/em31.cpp	global	em31EyelidDmcK__FP5cEm31i	em31EyelidDmcK
.text	0x0000A480	0x88	em31/em31.cpp	global	em31TentacleConnect__FP5cEm31	em31TentacleConnect
.text	0x0000A508	0x80	em31/em31.cpp	global	setHitCrane__5cEm31P3Vec	cEm31::setHitCrane
.text	0x0000A588	0x110	em31/em31.cpp	global	em31SmallTentacleMove__FP5cEm31	em31SmallTentacleMove
.text	0x0000A698	0x2C	em31/em31.cpp	global	ckBerserk__5cEm31	cEm31::ckBerserk
.text	0x0000A6C4	0xA0	em31/em31.cpp	global	em31SetDmVal__FP5cEm31	em31SetDmVal
.text	0x0000A764	0x44	em31/em31.cpp	global	em31WeakMode__FP5cEm31i	em31WeakMode
.text	0x0000A7A8	0x30	em31/em31.cpp	global	setDie__5cEm31	cEm31::setDie
.text	0x0000A7D8	0x28	em31/em31.cpp	global	setDieNormal__5cEm31	cEm31::setDieNormal
.text	0x0000A800	0x28	em31/em31.cpp	global	setDieCancel__5cEm31	cEm31::setDieCancel
.text	0x0000A828	0x188	em31/em31.cpp	global	em31PillarCk__FP5cEm31	em31PillarCk
.text	0x0000A9B0	0x1A8	em31/em31.cpp	global	em31PillarCk2__FP5cEm31	em31PillarCk2
.text	0x0000AB58	0x11C	em31/em31.cpp	global	em31PillarAtkCk__FP5cEm31P3Vec	em31PillarAtkCk
.text	0x0000AC74	0x2C0	em31/em31.cpp	global	em31JumpCk__FP5cEm31	em31JumpCk
.text	0x0000AF34	0x6F0	em31/em31.cpp	global	em31BloodSet__FP5cEm31	em31BloodSet
.text	0x0000B624	0x3D0	em31/em31.cpp	global	em31TBloodSet__FP5cEm31	em31TBloodSet
.text	0x0000B9F4	0x288	em31/em31.cpp	global	em31SetTail__FP5cEm31	em31SetTail
.text	0x0000BC7C	0x1B4	em31/em31.cpp	global	setAppearCancel__5cEm31	cEm31::setAppearCancel
.text	0x0000BE30	0x444	em31/em31.cpp	global	em31FootSe__FP5cEm31	em31FootSe
.text	0x0000C274	0x2C	em31/em31.cpp	global	ckAtkHit__5cEm31	cEm31::ckAtkHit
.text	0x0000C2A0	0x8C	em31/em31.cpp	global	ckRocketEnable__5cEm31	cEm31::ckRocketEnable
.text	0x0000C32C	0x3C	em31/em31.cpp	global	ckEyeBreak__5cEm31	cEm31::ckEyeBreak
.text	0x0000C368	0x228	em31/em31.cpp	global	em31BridgeJumpCk__FP5cEm31	em31BridgeJumpCk
.text	0x0000C590	0x124	em31/em31.cpp	global	em31BridgeVsCk__FP5cEm31i	em31BridgeVsCk
.text	0x0000C6B4	0x418	em31/em31.cpp	global	em31AtkRtnCk__FP5cEm31	em31AtkRtnCk
.text	0x0000CACC	0x1C0	em31/em31.cpp	global	em31CatchPosSet__FP5cEm31i	em31CatchPosSet
.text	0x0000CC8C	0xD0	em31/em31.cpp	global	em31PLCraneCk__FP5cEm31	em31PLCraneCk
.text	0x0000CD5C	0x25C	em31/em31.cpp	global	em31PlHeadLost__Fv	em31PlHeadLost
.text	0x0000CFB8	0x178	em31/em31.cpp	global	em31WeakInit__FP5cEm31	em31WeakInit
.text	0x0000D130	0xF0	em31/em31.cpp	global	em31WeakMove__FP5cEm31	em31WeakMove
.text	0x0000D220	0x88	em31/em31.cpp	global	setVoice__5cEm31ii	cEm31::setVoice
.text	0x0000D2A8	0x84	em31/em31.cpp	global	em31BreathSe__FP5cEm31	em31BreathSe
.text	0x0000D32C	0x8C	em31/em31.cpp	global	em31BreathSeStopCk__FP5cEm31	em31BreathSeStopCk
.text	0x0000D3B8	0xBC	em31/em31.cpp	global	countActiveWork__t8cManager1Z4cObj	cManager<cObj>::countActiveWork
.text	0x0000D474	0x158	em31/em31.cpp	global	create__t8cManager1Z4cObji	cManager<cObj>::create
.text	0x0000D5CC	0x4	em31/em31.cpp	global	beginEvent__5cUnitUl	cUnit::beginEvent
.text	0x0000D5D0	0x4	em31/em31.cpp	global	endEvent__5cUnitUl	cUnit::endEvent
.text	0x0000D5D4	0x20	em31/em31.cpp	global	_._5cEm31	cEm31::~cEm31
.text	0x0000D5F4	0x48	em31/em31.cpp	global	_._5cUnit	cUnit::~cUnit
.text	0x0000D63C	0x4	em31/em31.cpp	global	__dl__5cUnitPvUi	cUnit::operator delete
.rodata	0x000000AC	0x10	em31/em31.cpp	local	lbl_em31_rodata_AC	lbl_em31_rodata_AC
.rodata	0x000000BC	0x20	em31/em31.cpp	local	lbl_em31_rodata_BC	lbl_em31_rodata_BC
.rodata	0x000000DC	0x24	em31/em31.cpp	local	lbl_em31_rodata_DC	lbl_em31_rodata_DC
.rodata	0x00000100	0x18	em31/em31.cpp	local	lbl_em31_rodata_100	lbl_em31_rodata_100
.rodata	0x00000118	0xC	em31/em31.cpp	local	lbl_em31_rodata_118	lbl_em31_rodata_118
.rodata	0x00000124	0xC	em31/em31.cpp	local	lbl_em31_rodata_124	lbl_em31_rodata_124
.rodata	0x00000130	0x4	em31/em31.cpp	local	lbl_em31_rodata_130	lbl_em31_rodata_130
.rodata	0x00000134	0x4	em31/em31.cpp	local	lbl_em31_rodata_134	lbl_em31_rodata_134
.rodata	0x00000138	0x4	em31/em31.cpp	local	lbl_em31_rodata_138	lbl_em31_rodata_138
.rodata	0x0000013C	0x4	em31/em31.cpp	local	lbl_em31_rodata_13C	lbl_em31_rodata_13C
.rodata	0x00000140	0x4	em31/em31.cpp	local	lbl_em31_rodata_140	lbl_em31_rodata_140
.rodata	0x00000144	0x4	em31/em31.cpp	local	lbl_em31_rodata_144	lbl_em31_rodata_144
.rodata	0x00000148	0x4	em31/em31.cpp	local	lbl_em31_rodata_148	lbl_em31_rodata_148
.rodata	0x0000014C	0x4	em31/em31.cpp	local	lbl_em31_rodata_14C	lbl_em31_rodata_14C
.rodata	0x00000150	0x4	em31/em31.cpp	local	lbl_em31_rodata_150	lbl_em31_rodata_150
.rodata	0x00000154	0x4	em31/em31.cpp	local	lbl_em31_rodata_154	lbl_em31_rodata_154
.rodata	0x00000158	0x4	em31/em31.cpp	local	lbl_em31_rodata_158	lbl_em31_rodata_158
.rodata	0x0000015C	0x4	em31/em31.cpp	local	lbl_em31_rodata_15C	lbl_em31_rodata_15C
.rodata	0x00000160	0x4	em31/em31.cpp	local	lbl_em31_rodata_160	lbl_em31_rodata_160
.rodata	0x00000164	0x4	em31/em31.cpp	local	lbl_em31_rodata_164	lbl_em31_rodata_164
.rodata	0x00000168	0x4	em31/em31.cpp	local	lbl_em31_rodata_168	lbl_em31_rodata_168
.rodata	0x0000016C	0x4	em31/em31.cpp	local	lbl_em31_rodata_16C	lbl_em31_rodata_16C
.rodata	0x00000170	0x4	em31/em31.cpp	local	lbl_em31_rodata_170	lbl_em31_rodata_170
.rodata	0x00000174	0x4	em31/em31.cpp	local	lbl_em31_rodata_174	lbl_em31_rodata_174
.rodata	0x00000178	0x4	em31/em31.cpp	local	lbl_em31_rodata_178	lbl_em31_rodata_178
.rodata	0x0000017C	0x4	em31/em31.cpp	local	lbl_em31_rodata_17C	lbl_em31_rodata_17C
.rodata	0x00000180	0x4	em31/em31.cpp	local	lbl_em31_rodata_180	lbl_em31_rodata_180
.rodata	0x00000184	0x4	em31/em31.cpp	local	lbl_em31_rodata_184	lbl_em31_rodata_184
.rodata	0x00000188	0x4	em31/em31.cpp	local	lbl_em31_rodata_188	lbl_em31_rodata_188
.rodata	0x0000018C	0x4	em31/em31.cpp	local	lbl_em31_rodata_18C	lbl_em31_rodata_18C
.rodata	0x00000190	0x4	em31/em31.cpp	local	lbl_em31_rodata_190	lbl_em31_rodata_190
.rodata	0x00000194	0x4	em31/em31.cpp	local	lbl_em31_rodata_194	lbl_em31_rodata_194
.rodata	0x00000198	0x4	em31/em31.cpp	local	lbl_em31_rodata_198	lbl_em31_rodata_198
.rodata	0x0000019C	0x4	em31/em31.cpp	local	lbl_em31_rodata_19C	lbl_em31_rodata_19C
.rodata	0x000001A0	0x4	em31/em31.cpp	local	lbl_em31_rodata_1A0	lbl_em31_rodata_1A0
.rodata	0x000001A4	0x4	em31/em31.cpp	local	lbl_em31_rodata_1A4	lbl_em31_rodata_1A4
.rodata	0x000001A8	0x4	em31/em31.cpp	local	lbl_em31_rodata_1A8	lbl_em31_rodata_1A8
.rodata	0x000001AC	0x4	em31/em31.cpp	local	lbl_em31_rodata_1AC	lbl_em31_rodata_1AC
.rodata	0x000001B0	0x4	em31/em31.cpp	local	lbl_em31_rodata_1B0	lbl_em31_rodata_1B0
.rodata	0x000001B4	0x4	em31/em31.cpp	local	lbl_em31_rodata_1B4	lbl_em31_rodata_1B4
.rodata	0x000001B8	0x4	em31/em31.cpp	local	lbl_em31_rodata_1B8	lbl_em31_rodata_1B8
.rodata	0x000001BC	0x4	em31/em31.cpp	local	lbl_em31_rodata_1BC	lbl_em31_rodata_1BC
.rodata	0x000001C0	0x4	em31/em31.cpp	local	lbl_em31_rodata_1C0	lbl_em31_rodata_1C0
.rodata	0x000001C4	0x4	em31/em31.cpp	local	lbl_em31_rodata_1C4	lbl_em31_rodata_1C4
.rodata	0x000001C8	0x4	em31/em31.cpp	local	lbl_em31_rodata_1C8	lbl_em31_rodata_1C8
.rodata	0x000001CC	0x4	em31/em31.cpp	local	lbl_em31_rodata_1CC	lbl_em31_rodata_1CC
.rodata	0x000001D0	0x4	em31/em31.cpp	local	lbl_em31_rodata_1D0	lbl_em31_rodata_1D0
.rodata	0x000001D4	0x4	em31/em31.cpp	local	lbl_em31_rodata_1D4	lbl_em31_rodata_1D4
.rodata	0x000001D8	0x4	em31/em31.cpp	local	lbl_em31_rodata_1D8	lbl_em31_rodata_1D8
.rodata	0x000001DC	0x4	em31/em31.cpp	local	lbl_em31_rodata_1DC	lbl_em31_rodata_1DC
.rodata	0x000001E0	0x4	em31/em31.cpp	local	lbl_em31_rodata_1E0	lbl_em31_rodata_1E0
.rodata	0x000001E4	0x4	em31/em31.cpp	local	lbl_em31_rodata_1E4	lbl_em31_rodata_1E4
.rodata	0x000001E8	0x4	em31/em31.cpp	local	lbl_em31_rodata_1E8	lbl_em31_rodata_1E8
.rodata	0x000001EC	0x4	em31/em31.cpp	local	lbl_em31_rodata_1EC	lbl_em31_rodata_1EC
.rodata	0x000001F0	0x4	em31/em31.cpp	local	lbl_em31_rodata_1F0	lbl_em31_rodata_1F0
.rodata	0x000001F4	0x4	em31/em31.cpp	local	lbl_em31_rodata_1F4	lbl_em31_rodata_1F4
.rodata	0x000001F8	0x4	em31/em31.cpp	local	lbl_em31_rodata_1F8	lbl_em31_rodata_1F8
.rodata	0x000001FC	0x4	em31/em31.cpp	local	lbl_em31_rodata_1FC	lbl_em31_rodata_1FC
.rodata	0x00000200	0x4	em31/em31.cpp	local	lbl_em31_rodata_200	lbl_em31_rodata_200
.rodata	0x00000204	0x4	em31/em31.cpp	local	lbl_em31_rodata_204	lbl_em31_rodata_204
.rodata	0x00000208	0x4	em31/em31.cpp	local	lbl_em31_rodata_208	lbl_em31_rodata_208
.rodata	0x0000020C	0x4	em31/em31.cpp	local	lbl_em31_rodata_20C	lbl_em31_rodata_20C
.rodata	0x00000210	0x4	em31/em31.cpp	local	lbl_em31_rodata_210	lbl_em31_rodata_210
.rodata	0x00000214	0x4	em31/em31.cpp	local	lbl_em31_rodata_214	lbl_em31_rodata_214
.rodata	0x00000218	0x4	em31/em31.cpp	local	lbl_em31_rodata_218	lbl_em31_rodata_218
.rodata	0x0000021C	0x4	em31/em31.cpp	local	lbl_em31_rodata_21C	lbl_em31_rodata_21C
.rodata	0x00000220	0x4	em31/em31.cpp	local	lbl_em31_rodata_220	lbl_em31_rodata_220
.rodata	0x00000224	0x4	em31/em31.cpp	local	lbl_em31_rodata_224	lbl_em31_rodata_224
.rodata	0x00000228	0x4	em31/em31.cpp	local	lbl_em31_rodata_228	lbl_em31_rodata_228
.rodata	0x0000022C	0x4	em31/em31.cpp	local	lbl_em31_rodata_22C	lbl_em31_rodata_22C
.rodata	0x00000230	0x4	em31/em31.cpp	local	lbl_em31_rodata_230	lbl_em31_rodata_230
.rodata	0x00000234	0x4	em31/em31.cpp	local	lbl_em31_rodata_234	lbl_em31_rodata_234
.rodata	0x00000238	0x4	em31/em31.cpp	local	lbl_em31_rodata_238	lbl_em31_rodata_238
.rodata	0x0000023C	0x4	em31/em31.cpp	local	lbl_em31_rodata_23C	lbl_em31_rodata_23C
.rodata	0x00000240	0x4	em31/em31.cpp	local	lbl_em31_rodata_240	lbl_em31_rodata_240
.rodata	0x00000244	0x4	em31/em31.cpp	local	lbl_em31_rodata_244	lbl_em31_rodata_244
.rodata	0x00000248	0x4	em31/em31.cpp	local	lbl_em31_rodata_248	lbl_em31_rodata_248
.rodata	0x0000024C	0x4	em31/em31.cpp	local	lbl_em31_rodata_24C	lbl_em31_rodata_24C
.rodata	0x00000250	0x4	em31/em31.cpp	local	lbl_em31_rodata_250	lbl_em31_rodata_250
.rodata	0x00000254	0x4	em31/em31.cpp	local	lbl_em31_rodata_254	lbl_em31_rodata_254
.rodata	0x00000258	0x4	em31/em31.cpp	local	lbl_em31_rodata_258	lbl_em31_rodata_258
.rodata	0x0000025C	0x4	em31/em31.cpp	local	lbl_em31_rodata_25C	lbl_em31_rodata_25C
.rodata	0x00000260	0x18	em31/em31.cpp	local	lbl_em31_rodata_260	lbl_em31_rodata_260
.rodata	0x00000278	0x4	em31/em31.cpp	local	lbl_em31_rodata_278	lbl_em31_rodata_278
.rodata	0x0000027C	0x4	em31/em31.cpp	local	lbl_em31_rodata_27C	lbl_em31_rodata_27C
.rodata	0x00000280	0x4	em31/em31.cpp	local	lbl_em31_rodata_280	lbl_em31_rodata_280
.rodata	0x00000284	0x4	em31/em31.cpp	local	lbl_em31_rodata_284	lbl_em31_rodata_284
.rodata	0x00000288	0x4	em31/em31.cpp	local	lbl_em31_rodata_288	lbl_em31_rodata_288
.rodata	0x0000028C	0x4	em31/em31.cpp	local	lbl_em31_rodata_28C	lbl_em31_rodata_28C
.rodata	0x00000290	0x4	em31/em31.cpp	local	lbl_em31_rodata_290	lbl_em31_rodata_290
.rodata	0x00000294	0x4	em31/em31.cpp	local	lbl_em31_rodata_294	lbl_em31_rodata_294
.rodata	0x00000298	0x4	em31/em31.cpp	local	lbl_em31_rodata_298	lbl_em31_rodata_298
.rodata	0x0000029C	0x4	em31/em31.cpp	local	lbl_em31_rodata_29C	lbl_em31_rodata_29C
.rodata	0x000002A0	0x4	em31/em31.cpp	local	lbl_em31_rodata_2A0	lbl_em31_rodata_2A0
.rodata	0x000002A4	0x4	em31/em31.cpp	local	lbl_em31_rodata_2A4	lbl_em31_rodata_2A4
.rodata	0x000002A8	0x4	em31/em31.cpp	local	lbl_em31_rodata_2A8	lbl_em31_rodata_2A8
.rodata	0x000002AC	0x4	em31/em31.cpp	local	lbl_em31_rodata_2AC	lbl_em31_rodata_2AC
.rodata	0x000002B0	0x4	em31/em31.cpp	local	lbl_em31_rodata_2B0	lbl_em31_rodata_2B0
.rodata	0x000002B4	0x4	em31/em31.cpp	local	lbl_em31_rodata_2B4	lbl_em31_rodata_2B4
.rodata	0x000002B8	0x4	em31/em31.cpp	local	lbl_em31_rodata_2B8	lbl_em31_rodata_2B8
.rodata	0x000002BC	0x4	em31/em31.cpp	local	lbl_em31_rodata_2BC	lbl_em31_rodata_2BC
.rodata	0x000002C0	0x4	em31/em31.cpp	local	lbl_em31_rodata_2C0	lbl_em31_rodata_2C0
.rodata	0x000002C4	0x4	em31/em31.cpp	local	lbl_em31_rodata_2C4	lbl_em31_rodata_2C4
.rodata	0x000002C8	0x4	em31/em31.cpp	local	lbl_em31_rodata_2C8	lbl_em31_rodata_2C8
.rodata	0x000002CC	0x4	em31/em31.cpp	local	lbl_em31_rodata_2CC	lbl_em31_rodata_2CC
.rodata	0x000002D0	0x4	em31/em31.cpp	local	lbl_em31_rodata_2D0	lbl_em31_rodata_2D0
.rodata	0x000002D4	0x4	em31/em31.cpp	local	lbl_em31_rodata_2D4	lbl_em31_rodata_2D4
.rodata	0x000002D8	0x4	em31/em31.cpp	local	lbl_em31_rodata_2D8	lbl_em31_rodata_2D8
.rodata	0x000002DC	0x4	em31/em31.cpp	local	lbl_em31_rodata_2DC	lbl_em31_rodata_2DC
.rodata	0x000002E0	0x4	em31/em31.cpp	local	lbl_em31_rodata_2E0	lbl_em31_rodata_2E0
.rodata	0x000002E4	0x4	em31/em31.cpp	local	lbl_em31_rodata_2E4	lbl_em31_rodata_2E4
.rodata	0x000002E8	0x4	em31/em31.cpp	local	lbl_em31_rodata_2E8	lbl_em31_rodata_2E8
.rodata	0x000002EC	0x4	em31/em31.cpp	local	lbl_em31_rodata_2EC	lbl_em31_rodata_2EC
.rodata	0x000002F0	0x4	em31/em31.cpp	local	lbl_em31_rodata_2F0	lbl_em31_rodata_2F0
.rodata	0x000002F4	0x4	em31/em31.cpp	local	lbl_em31_rodata_2F4	lbl_em31_rodata_2F4
.rodata	0x000002F8	0x4	em31/em31.cpp	local	lbl_em31_rodata_2F8	lbl_em31_rodata_2F8
.rodata	0x000002FC	0x4	em31/em31.cpp	local	lbl_em31_rodata_2FC	lbl_em31_rodata_2FC
.rodata	0x00000300	0x4	em31/em31.cpp	local	lbl_em31_rodata_300	lbl_em31_rodata_300
.rodata	0x00000304	0x4	em31/em31.cpp	local	lbl_em31_rodata_304	lbl_em31_rodata_304
.rodata	0x00000308	0x4	em31/em31.cpp	local	lbl_em31_rodata_308	lbl_em31_rodata_308
.rodata	0x0000030C	0x4	em31/em31.cpp	local	lbl_em31_rodata_30C	lbl_em31_rodata_30C
.rodata	0x00000310	0x4	em31/em31.cpp	local	lbl_em31_rodata_310	lbl_em31_rodata_310
.rodata	0x00000314	0x4	em31/em31.cpp	local	lbl_em31_rodata_314	lbl_em31_rodata_314
.rodata	0x00000318	0x4	em31/em31.cpp	local	lbl_em31_rodata_318	lbl_em31_rodata_318
.rodata	0x0000031C	0x4	em31/em31.cpp	local	lbl_em31_rodata_31C	lbl_em31_rodata_31C
.rodata	0x00000320	0x4	em31/em31.cpp	local	lbl_em31_rodata_320	lbl_em31_rodata_320
.rodata	0x00000324	0x4	em31/em31.cpp	local	lbl_em31_rodata_324	lbl_em31_rodata_324
.rodata	0x00000328	0x4	em31/em31.cpp	local	lbl_em31_rodata_328	lbl_em31_rodata_328
.rodata	0x0000032C	0x4	em31/em31.cpp	local	lbl_em31_rodata_32C	lbl_em31_rodata_32C
.rodata	0x00000330	0x4	em31/em31.cpp	local	lbl_em31_rodata_330	lbl_em31_rodata_330
.rodata	0x00000334	0x4	em31/em31.cpp	local	lbl_em31_rodata_334	lbl_em31_rodata_334
.rodata	0x00000338	0x4	em31/em31.cpp	local	lbl_em31_rodata_338	lbl_em31_rodata_338
.rodata	0x0000033C	0x4	em31/em31.cpp	local	lbl_em31_rodata_33C	lbl_em31_rodata_33C
.rodata	0x00000340	0x4	em31/em31.cpp	local	lbl_em31_rodata_340	lbl_em31_rodata_340
.rodata	0x00000344	0x4	em31/em31.cpp	local	lbl_em31_rodata_344	lbl_em31_rodata_344
.rodata	0x00000348	0x4	em31/em31.cpp	local	lbl_em31_rodata_348	lbl_em31_rodata_348
.rodata	0x0000034C	0x4	em31/em31.cpp	local	lbl_em31_rodata_34C	lbl_em31_rodata_34C
.rodata	0x00000350	0x4	em31/em31.cpp	local	lbl_em31_rodata_350	lbl_em31_rodata_350
.rodata	0x00000354	0x4	em31/em31.cpp	local	lbl_em31_rodata_354	lbl_em31_rodata_354
.rodata	0x00000358	0x4	em31/em31.cpp	local	lbl_em31_rodata_358	lbl_em31_rodata_358
.rodata	0x0000035C	0x4	em31/em31.cpp	local	lbl_em31_rodata_35C	lbl_em31_rodata_35C
.rodata	0x00000360	0x4	em31/em31.cpp	local	lbl_em31_rodata_360	lbl_em31_rodata_360
.rodata	0x00000364	0x4	em31/em31.cpp	local	lbl_em31_rodata_364	lbl_em31_rodata_364
.rodata	0x00000368	0xC	em31/em31.cpp	local	lbl_em31_rodata_368	lbl_em31_rodata_368
.rodata	0x00000374	0x4	em31/em31.cpp	local	lbl_em31_rodata_374	lbl_em31_rodata_374
.rodata	0x00000378	0x4	em31/em31.cpp	local	lbl_em31_rodata_378	lbl_em31_rodata_378
.rodata	0x0000037C	0x4	em31/em31.cpp	local	lbl_em31_rodata_37C	lbl_em31_rodata_37C
.rodata	0x00000380	0x4	em31/em31.cpp	local	lbl_em31_rodata_380	lbl_em31_rodata_380
.rodata	0x00000384	0x4	em31/em31.cpp	local	lbl_em31_rodata_384	lbl_em31_rodata_384
.rodata	0x00000388	0x4	em31/em31.cpp	local	lbl_em31_rodata_388	lbl_em31_rodata_388
.rodata	0x0000038C	0x4	em31/em31.cpp	local	lbl_em31_rodata_38C	lbl_em31_rodata_38C
.rodata	0x00000390	0x4	em31/em31.cpp	local	lbl_em31_rodata_390	lbl_em31_rodata_390
.rodata	0x00000394	0x4	em31/em31.cpp	local	lbl_em31_rodata_394	lbl_em31_rodata_394
.rodata	0x00000398	0x4	em31/em31.cpp	local	lbl_em31_rodata_398	lbl_em31_rodata_398
.rodata	0x0000039C	0x4	em31/em31.cpp	local	lbl_em31_rodata_39C	lbl_em31_rodata_39C
.rodata	0x000003A0	0x4	em31/em31.cpp	local	lbl_em31_rodata_3A0	lbl_em31_rodata_3A0
.rodata	0x000003A4	0x4	em31/em31.cpp	local	lbl_em31_rodata_3A4	lbl_em31_rodata_3A4
.rodata	0x000003A8	0x4	em31/em31.cpp	local	lbl_em31_rodata_3A8	lbl_em31_rodata_3A8
.rodata	0x000003AC	0x4	em31/em31.cpp	local	lbl_em31_rodata_3AC	lbl_em31_rodata_3AC
.rodata	0x000003B0	0x4	em31/em31.cpp	local	lbl_em31_rodata_3B0	lbl_em31_rodata_3B0
.rodata	0x000003B4	0x4	em31/em31.cpp	local	lbl_em31_rodata_3B4	lbl_em31_rodata_3B4
.rodata	0x000003B8	0x4	em31/em31.cpp	local	lbl_em31_rodata_3B8	lbl_em31_rodata_3B8
.rodata	0x000003BC	0x4	em31/em31.cpp	local	lbl_em31_rodata_3BC	lbl_em31_rodata_3BC
.rodata	0x000003C0	0x4	em31/em31.cpp	local	lbl_em31_rodata_3C0	lbl_em31_rodata_3C0
.rodata	0x000003C4	0x4	em31/em31.cpp	local	lbl_em31_rodata_3C4	lbl_em31_rodata_3C4
.rodata	0x000003C8	0x4	em31/em31.cpp	local	lbl_em31_rodata_3C8	lbl_em31_rodata_3C8
.rodata	0x000003CC	0x4	em31/em31.cpp	local	lbl_em31_rodata_3CC	lbl_em31_rodata_3CC
.rodata	0x000003D0	0x4	em31/em31.cpp	local	lbl_em31_rodata_3D0	lbl_em31_rodata_3D0
.rodata	0x000003D4	0x4	em31/em31.cpp	local	lbl_em31_rodata_3D4	lbl_em31_rodata_3D4
.rodata	0x000003D8	0x18	em31/em31.cpp	local	lbl_em31_rodata_3D8	lbl_em31_rodata_3D8
.rodata	0x000003F0	0x4	em31/em31.cpp	local	lbl_em31_rodata_3F0	lbl_em31_rodata_3F0
.rodata	0x000003F4	0x4	em31/em31.cpp	local	lbl_em31_rodata_3F4	lbl_em31_rodata_3F4
.rodata	0x000003F8	0x4	em31/em31.cpp	local	lbl_em31_rodata_3F8	lbl_em31_rodata_3F8
.rodata	0x000003FC	0x4	em31/em31.cpp	local	lbl_em31_rodata_3FC	lbl_em31_rodata_3FC
.rodata	0x00000400	0x4	em31/em31.cpp	local	lbl_em31_rodata_400	lbl_em31_rodata_400
.rodata	0x00000404	0x4	em31/em31.cpp	local	lbl_em31_rodata_404	lbl_em31_rodata_404
.rodata	0x00000408	0x4	em31/em31.cpp	local	lbl_em31_rodata_408	lbl_em31_rodata_408
.rodata	0x0000040C	0x4	em31/em31.cpp	local	lbl_em31_rodata_40C	lbl_em31_rodata_40C
.rodata	0x00000410	0x4	em31/em31.cpp	local	lbl_em31_rodata_410	lbl_em31_rodata_410
.rodata	0x00000414	0x4	em31/em31.cpp	local	lbl_em31_rodata_414	lbl_em31_rodata_414
.rodata	0x00000418	0x4	em31/em31.cpp	local	lbl_em31_rodata_418	lbl_em31_rodata_418
.rodata	0x0000041C	0x4	em31/em31.cpp	local	lbl_em31_rodata_41C	lbl_em31_rodata_41C
.rodata	0x00000420	0x4	em31/em31.cpp	local	lbl_em31_rodata_420	lbl_em31_rodata_420
.rodata	0x00000424	0x4	em31/em31.cpp	local	lbl_em31_rodata_424	lbl_em31_rodata_424
.rodata	0x00000428	0x4	em31/em31.cpp	local	lbl_em31_rodata_428	lbl_em31_rodata_428
.rodata	0x0000042C	0x4	em31/em31.cpp	local	lbl_em31_rodata_42C	lbl_em31_rodata_42C
.rodata	0x00000430	0x4	em31/em31.cpp	local	lbl_em31_rodata_430	lbl_em31_rodata_430
.rodata	0x00000434	0x4	em31/em31.cpp	local	lbl_em31_rodata_434	lbl_em31_rodata_434
.rodata	0x00000438	0x4	em31/em31.cpp	local	lbl_em31_rodata_438	lbl_em31_rodata_438
.rodata	0x0000043C	0x4	em31/em31.cpp	local	lbl_em31_rodata_43C	lbl_em31_rodata_43C
.rodata	0x00000440	0x4	em31/em31.cpp	local	lbl_em31_rodata_440	lbl_em31_rodata_440
.rodata	0x00000444	0x4	em31/em31.cpp	local	lbl_em31_rodata_444	lbl_em31_rodata_444
.rodata	0x00000448	0x4	em31/em31.cpp	local	lbl_em31_rodata_448	lbl_em31_rodata_448
.rodata	0x0000044C	0x4	em31/em31.cpp	local	lbl_em31_rodata_44C	lbl_em31_rodata_44C
.rodata	0x00000450	0x4	em31/em31.cpp	local	lbl_em31_rodata_450	lbl_em31_rodata_450
.rodata	0x00000454	0x4	em31/em31.cpp	local	lbl_em31_rodata_454	lbl_em31_rodata_454
.rodata	0x00000458	0x4	em31/em31.cpp	local	lbl_em31_rodata_458	lbl_em31_rodata_458
.rodata	0x0000045C	0x4	em31/em31.cpp	local	lbl_em31_rodata_45C	lbl_em31_rodata_45C
.rodata	0x00000460	0x4	em31/em31.cpp	local	lbl_em31_rodata_460	lbl_em31_rodata_460
.rodata	0x00000464	0x4	em31/em31.cpp	local	lbl_em31_rodata_464	lbl_em31_rodata_464
.rodata	0x00000468	0x4	em31/em31.cpp	local	lbl_em31_rodata_468	lbl_em31_rodata_468
.rodata	0x0000046C	0x4	em31/em31.cpp	local	lbl_em31_rodata_46C	lbl_em31_rodata_46C
.rodata	0x00000470	0x4	em31/em31.cpp	local	lbl_em31_rodata_470	lbl_em31_rodata_470
.rodata	0x00000474	0x4	em31/em31.cpp	local	lbl_em31_rodata_474	lbl_em31_rodata_474
.rodata	0x00000478	0x4	em31/em31.cpp	local	lbl_em31_rodata_478	lbl_em31_rodata_478
.rodata	0x0000047C	0x4	em31/em31.cpp	local	lbl_em31_rodata_47C	lbl_em31_rodata_47C
.rodata	0x00000480	0x4	em31/em31.cpp	local	lbl_em31_rodata_480	lbl_em31_rodata_480
.rodata	0x00000484	0x4	em31/em31.cpp	local	lbl_em31_rodata_484	lbl_em31_rodata_484
.rodata	0x00000488	0x4	em31/em31.cpp	local	lbl_em31_rodata_488	lbl_em31_rodata_488
.rodata	0x0000048C	0x4	em31/em31.cpp	local	lbl_em31_rodata_48C	lbl_em31_rodata_48C
.rodata	0x00000490	0x4	em31/em31.cpp	local	lbl_em31_rodata_490	lbl_em31_rodata_490
.rodata	0x00000494	0x4	em31/em31.cpp	local	lbl_em31_rodata_494	lbl_em31_rodata_494
.rodata	0x00000498	0x4	em31/em31.cpp	local	lbl_em31_rodata_498	lbl_em31_rodata_498
.rodata	0x0000049C	0x4	em31/em31.cpp	local	lbl_em31_rodata_49C	lbl_em31_rodata_49C
.rodata	0x000004A0	0x4	em31/em31.cpp	local	lbl_em31_rodata_4A0	lbl_em31_rodata_4A0
.rodata	0x000004A4	0x4	em31/em31.cpp	local	lbl_em31_rodata_4A4	lbl_em31_rodata_4A4
.rodata	0x000004A8	0x4	em31/em31.cpp	local	lbl_em31_rodata_4A8	lbl_em31_rodata_4A8
.rodata	0x000004AC	0x4	em31/em31.cpp	local	lbl_em31_rodata_4AC	lbl_em31_rodata_4AC
.rodata	0x000004B0	0x4	em31/em31.cpp	local	lbl_em31_rodata_4B0	lbl_em31_rodata_4B0
.rodata	0x000004B4	0x4	em31/em31.cpp	local	lbl_em31_rodata_4B4	lbl_em31_rodata_4B4
.rodata	0x000004B8	0x4	em31/em31.cpp	local	lbl_em31_rodata_4B8	lbl_em31_rodata_4B8
.rodata	0x000004BC	0x4	em31/em31.cpp	local	lbl_em31_rodata_4BC	lbl_em31_rodata_4BC
.rodata	0x000004C0	0x4	em31/em31.cpp	local	lbl_em31_rodata_4C0	lbl_em31_rodata_4C0
.rodata	0x000004C4	0x4	em31/em31.cpp	local	lbl_em31_rodata_4C4	lbl_em31_rodata_4C4
.rodata	0x000004C8	0x4	em31/em31.cpp	local	lbl_em31_rodata_4C8	lbl_em31_rodata_4C8
.rodata	0x000004CC	0x4	em31/em31.cpp	local	lbl_em31_rodata_4CC	lbl_em31_rodata_4CC
.rodata	0x000004D0	0x4	em31/em31.cpp	local	lbl_em31_rodata_4D0	lbl_em31_rodata_4D0
.rodata	0x000004D4	0x4	em31/em31.cpp	local	lbl_em31_rodata_4D4	lbl_em31_rodata_4D4
.rodata	0x000004D8	0x4	em31/em31.cpp	local	lbl_em31_rodata_4D8	lbl_em31_rodata_4D8
.rodata	0x000004DC	0x4	em31/em31.cpp	local	lbl_em31_rodata_4DC	lbl_em31_rodata_4DC
.rodata	0x000004E0	0x4	em31/em31.cpp	local	lbl_em31_rodata_4E0	lbl_em31_rodata_4E0
.rodata	0x000004E4	0x4	em31/em31.cpp	local	lbl_em31_rodata_4E4	lbl_em31_rodata_4E4
.rodata	0x000004E8	0x4	em31/em31.cpp	local	lbl_em31_rodata_4E8	lbl_em31_rodata_4E8
.rodata	0x000004EC	0x4	em31/em31.cpp	local	lbl_em31_rodata_4EC	lbl_em31_rodata_4EC
.rodata	0x000004F0	0x4	em31/em31.cpp	local	lbl_em31_rodata_4F0	lbl_em31_rodata_4F0
.rodata	0x000004F4	0x4	em31/em31.cpp	local	lbl_em31_rodata_4F4	lbl_em31_rodata_4F4
.rodata	0x000004F8	0x4	em31/em31.cpp	local	lbl_em31_rodata_4F8	lbl_em31_rodata_4F8
.rodata	0x000004FC	0x4	em31/em31.cpp	local	lbl_em31_rodata_4FC	lbl_em31_rodata_4FC
.rodata	0x00000500	0x4	em31/em31.cpp	local	lbl_em31_rodata_500	lbl_em31_rodata_500
.rodata	0x00000504	0x4	em31/em31.cpp	local	lbl_em31_rodata_504	lbl_em31_rodata_504
.rodata	0x00000508	0x4	em31/em31.cpp	local	lbl_em31_rodata_508	lbl_em31_rodata_508
.rodata	0x0000050C	0x4	em31/em31.cpp	local	lbl_em31_rodata_50C	lbl_em31_rodata_50C
.rodata	0x00000510	0x4	em31/em31.cpp	local	lbl_em31_rodata_510	lbl_em31_rodata_510
.rodata	0x00000514	0x4	em31/em31.cpp	local	lbl_em31_rodata_514	lbl_em31_rodata_514
.rodata	0x00000518	0x4	em31/em31.cpp	local	lbl_em31_rodata_518	lbl_em31_rodata_518
.rodata	0x0000051C	0x4	em31/em31.cpp	local	lbl_em31_rodata_51C	lbl_em31_rodata_51C
.rodata	0x00000520	0x4	em31/em31.cpp	local	lbl_em31_rodata_520	lbl_em31_rodata_520
.rodata	0x00000524	0x4	em31/em31.cpp	local	lbl_em31_rodata_524	lbl_em31_rodata_524
.rodata	0x00000528	0x4	em31/em31.cpp	local	lbl_em31_rodata_528	lbl_em31_rodata_528
.rodata	0x0000052C	0x4	em31/em31.cpp	local	lbl_em31_rodata_52C	lbl_em31_rodata_52C
.rodata	0x00000530	0x4	em31/em31.cpp	local	lbl_em31_rodata_530	lbl_em31_rodata_530
.rodata	0x00000534	0x4	em31/em31.cpp	local	lbl_em31_rodata_534	lbl_em31_rodata_534
.rodata	0x00000538	0x4	em31/em31.cpp	local	lbl_em31_rodata_538	lbl_em31_rodata_538
.rodata	0x0000053C	0x4	em31/em31.cpp	local	lbl_em31_rodata_53C	lbl_em31_rodata_53C
.rodata	0x00000540	0x4	em31/em31.cpp	local	lbl_em31_rodata_540	lbl_em31_rodata_540
.rodata	0x00000544	0x4	em31/em31.cpp	local	lbl_em31_rodata_544	lbl_em31_rodata_544
.rodata	0x00000548	0x4	em31/em31.cpp	local	lbl_em31_rodata_548	lbl_em31_rodata_548
.rodata	0x0000054C	0x4	em31/em31.cpp	local	lbl_em31_rodata_54C	lbl_em31_rodata_54C
.rodata	0x00000550	0x4	em31/em31.cpp	local	lbl_em31_rodata_550	lbl_em31_rodata_550
.rodata	0x00000554	0x4	em31/em31.cpp	local	lbl_em31_rodata_554	lbl_em31_rodata_554
.rodata	0x00000558	0x4	em31/em31.cpp	local	lbl_em31_rodata_558	lbl_em31_rodata_558
.rodata	0x0000055C	0x4	em31/em31.cpp	local	lbl_em31_rodata_55C	lbl_em31_rodata_55C
.rodata	0x00000560	0x4	em31/em31.cpp	local	lbl_em31_rodata_560	lbl_em31_rodata_560
.rodata	0x00000564	0x4	em31/em31.cpp	local	lbl_em31_rodata_564	lbl_em31_rodata_564
.rodata	0x00000568	0x4	em31/em31.cpp	local	lbl_em31_rodata_568	lbl_em31_rodata_568
.rodata	0x0000056C	0x4	em31/em31.cpp	local	lbl_em31_rodata_56C	lbl_em31_rodata_56C
.rodata	0x00000570	0x4	em31/em31.cpp	local	lbl_em31_rodata_570	lbl_em31_rodata_570
.rodata	0x00000574	0x4	em31/em31.cpp	local	lbl_em31_rodata_574	lbl_em31_rodata_574
.rodata	0x00000578	0x4	em31/em31.cpp	local	lbl_em31_rodata_578	lbl_em31_rodata_578
.rodata	0x0000057C	0x4	em31/em31.cpp	local	lbl_em31_rodata_57C	lbl_em31_rodata_57C
.rodata	0x00000580	0x4	em31/em31.cpp	local	lbl_em31_rodata_580	lbl_em31_rodata_580
.rodata	0x00000584	0x4	em31/em31.cpp	local	lbl_em31_rodata_584	lbl_em31_rodata_584
.rodata	0x00000588	0x4	em31/em31.cpp	local	lbl_em31_rodata_588	lbl_em31_rodata_588
.rodata	0x0000058C	0x4	em31/em31.cpp	local	lbl_em31_rodata_58C	lbl_em31_rodata_58C
.rodata	0x00000590	0x4	em31/em31.cpp	local	lbl_em31_rodata_590	lbl_em31_rodata_590
.rodata	0x00000594	0x4	em31/em31.cpp	local	lbl_em31_rodata_594	lbl_em31_rodata_594
.rodata	0x00000598	0x4	em31/em31.cpp	local	lbl_em31_rodata_598	lbl_em31_rodata_598
.rodata	0x0000059C	0x4	em31/em31.cpp	local	lbl_em31_rodata_59C	lbl_em31_rodata_59C
.rodata	0x000005A0	0x4	em31/em31.cpp	local	lbl_em31_rodata_5A0	lbl_em31_rodata_5A0
.rodata	0x000005A4	0x4	em31/em31.cpp	local	lbl_em31_rodata_5A4	lbl_em31_rodata_5A4
.rodata	0x000005A8	0x4	em31/em31.cpp	local	lbl_em31_rodata_5A8	lbl_em31_rodata_5A8
.rodata	0x000005AC	0x4	em31/em31.cpp	local	lbl_em31_rodata_5AC	lbl_em31_rodata_5AC
.rodata	0x000005B0	0x4	em31/em31.cpp	local	lbl_em31_rodata_5B0	lbl_em31_rodata_5B0
.rodata	0x000005B4	0x4	em31/em31.cpp	local	lbl_em31_rodata_5B4	lbl_em31_rodata_5B4
.rodata	0x000005B8	0x4	em31/em31.cpp	local	lbl_em31_rodata_5B8	lbl_em31_rodata_5B8
.rodata	0x000005BC	0x4	em31/em31.cpp	local	lbl_em31_rodata_5BC	lbl_em31_rodata_5BC
.rodata	0x000005C0	0x4	em31/em31.cpp	local	lbl_em31_rodata_5C0	lbl_em31_rodata_5C0
.rodata	0x000005C4	0x4	em31/em31.cpp	local	lbl_em31_rodata_5C4	lbl_em31_rodata_5C4
.rodata	0x000005C8	0x4	em31/em31.cpp	local	lbl_em31_rodata_5C8	lbl_em31_rodata_5C8
.rodata	0x000005CC	0x4	em31/em31.cpp	local	lbl_em31_rodata_5CC	lbl_em31_rodata_5CC
.rodata	0x000005D0	0x4	em31/em31.cpp	local	lbl_em31_rodata_5D0	lbl_em31_rodata_5D0
.rodata	0x000005D4	0x4	em31/em31.cpp	local	lbl_em31_rodata_5D4	lbl_em31_rodata_5D4
.rodata	0x000005D8	0x4	em31/em31.cpp	local	lbl_em31_rodata_5D8	lbl_em31_rodata_5D8
.rodata	0x000005DC	0x4	em31/em31.cpp	local	lbl_em31_rodata_5DC	lbl_em31_rodata_5DC
.rodata	0x000005E0	0x4	em31/em31.cpp	local	lbl_em31_rodata_5E0	lbl_em31_rodata_5E0
.rodata	0x000005E4	0x4	em31/em31.cpp	local	lbl_em31_rodata_5E4	lbl_em31_rodata_5E4
.rodata	0x000005E8	0x4	em31/em31.cpp	local	lbl_em31_rodata_5E8	lbl_em31_rodata_5E8
.rodata	0x000005EC	0x18	em31/em31.cpp	local	lbl_em31_rodata_5EC	lbl_em31_rodata_5EC
.rodata	0x00000604	0x4	em31/em31.cpp	local	lbl_em31_rodata_604	lbl_em31_rodata_604
.rodata	0x00000608	0x4	em31/em31.cpp	local	lbl_em31_rodata_608	lbl_em31_rodata_608
.rodata	0x0000060C	0x4	em31/em31.cpp	local	lbl_em31_rodata_60C	lbl_em31_rodata_60C
.rodata	0x00000610	0x4	em31/em31.cpp	local	lbl_em31_rodata_610	lbl_em31_rodata_610
.rodata	0x00000614	0x4	em31/em31.cpp	local	lbl_em31_rodata_614	lbl_em31_rodata_614
.rodata	0x00000618	0x4	em31/em31.cpp	local	lbl_em31_rodata_618	lbl_em31_rodata_618
.rodata	0x0000061C	0x4	em31/em31.cpp	local	lbl_em31_rodata_61C	lbl_em31_rodata_61C
.rodata	0x00000620	0x4	em31/em31.cpp	local	lbl_em31_rodata_620	lbl_em31_rodata_620
.rodata	0x00000624	0x4	em31/em31.cpp	local	lbl_em31_rodata_624	lbl_em31_rodata_624
.rodata	0x00000628	0x4	em31/em31.cpp	local	lbl_em31_rodata_628	lbl_em31_rodata_628
.rodata	0x0000062C	0x4	em31/em31.cpp	local	lbl_em31_rodata_62C	lbl_em31_rodata_62C
.rodata	0x00000630	0x4	em31/em31.cpp	local	lbl_em31_rodata_630	lbl_em31_rodata_630
.rodata	0x00000634	0x4	em31/em31.cpp	local	lbl_em31_rodata_634	lbl_em31_rodata_634
.rodata	0x00000638	0x28	em31/em31.cpp	local	lbl_em31_rodata_638	lbl_em31_rodata_638
.rodata	0x00000660	0x28	em31/em31.cpp	local	lbl_em31_rodata_660	lbl_em31_rodata_660
.rodata	0x00000688	0x38	em31/em31.cpp	local	lbl_em31_rodata_688	lbl_em31_rodata_688
.rodata	0x000006C0	0x48	em31/em31.cpp	local	lbl_em31_rodata_6C0	lbl_em31_rodata_6C0
.rodata	0x00000708	0xA8	em31/em31.cpp	global	_vt.5cEm31	_vt.5cEm31
.rodata	0x000007B0	0x28	em31/em31.cpp	global	_vt.5cUnit	_vt.5cUnit
.data	0x00000000	0x10	em31/em31.cpp	global	Em31_R0_move_tbl	Em31_R0_move_tbl
.data	0x00000010	0x118	em31/em31.cpp	local	Em31_R1_move_tbl	Em31_R1_move_tbl
.data	0x00000128	0x10	em31/em31.cpp	local	Em31_R2_move_tbl	Em31_R2_move_tbl
.data	0x00000138	0x4	em31/em31.cpp	local	Em31_R3_move_tbl	Em31_R3_move_tbl
.data	0x0000013C	0x80	em31/em31.cpp	local	em31_atk_tbl	em31_atk_tbl
.data	0x000001BC	0xF0	em31/em31.cpp	local	em31_flip0	em31_flip0
.data	0x000002AC	0xF0	em31/em31.cpp	local	em31_flip1	em31_flip1
.data	0x0000039C	0x4	em31/em31.cpp	local	em31CatchObj	em31CatchObj
.data	0x000003A0	0x1	em31/em31.cpp	local	em31ClothP	em31ClothP
.data	0x000003A4	0x1	em31/em31.cpp	local	em31ClothUp	em31ClothUp
.data	0x000003A8	0x1	em31/em31.cpp	local	em31ClothDp	em31ClothDp
.data	0x000003AC	0x4	em31/em31.cpp	local	em31ClothMax	em31ClothMax
.data	0x000003B0	0xF	em31/em31.cpp	local	em31ClothP2	em31ClothP2
.data	0x000003C0	0xF	em31/em31.cpp	local	em31ClothUp2	em31ClothUp2
.data	0x000003D0	0xF	em31/em31.cpp	local	em31ClothDp2	em31ClothDp2
.data	0x000003E0	0x3C	em31/em31.cpp	local	em31ClothMax2	em31ClothMax2
.data	0x0000041C	0x12	em31/em31.cpp	local	em31ClothP3	em31ClothP3
.data	0x00000430	0x12	em31/em31.cpp	local	em31ClothUp3	em31ClothUp3
.data	0x00000444	0x12	em31/em31.cpp	local	em31ClothDp3	em31ClothDp3
.data	0x00000458	0x48	em31/em31.cpp	local	em31ClothMax3	em31ClothMax3
.bss	0x00000000	0x34	em31/em31.cpp	global	common_em31	common_em31
